image: RCA2.pgmutilities/maps/RCA2/RCA2.png
resolution: 0.050000
origin: [-24.252060, -8.117816, 0.000000]
negate: 0
occupied_thresh: 0.65
free_thresh: 0.196

