image: ini10.png
resolution: 0.050000
origin: [-3.888363, -4.811476, 0.000000]
negate: 0
occupied_thresh: 0.65
free_thresh: 0.196

