image: RCA1.png
resolution: 0.050000
origin: [-24.550383, -5.636574, 0.000000]
negate: 0
occupied_thresh: 0.65
free_thresh: 0.196
map_path: utilities/maps_files/maps/WithRandomObstacles/RCA1-2023-12-14_21-09-38/RCA1-2023-12-14_21-09-38
